84
85
86
87
88
91
94
102
103
107
108
110
112
113
114
115
116
117
118
121
123
128
133
153
154
185
212
213
218
224
225
227
228
229
230
237
265
270
277
291
301
309
310
311
327
378
383
404
406
411
419
472
489
528
550
596
626
628
701
702
703
710
842
843
888
955
975
1025
1028
1031
1066
1113
1172
1180
1282
1284
1289
1316
1347
1370
1376
1473
1474
1482
1543
1573
1697
1698
1740
1749
1764
1766
1767
1769
1770
1777
1778
1779
1780
1832
1861
1867
1892
1897
1901
1903
1915
1916
1922
1937
1939
1957
1963
1983
1985
1999
2006
2015
2022
2023
2032
2040
2043
2055
2072
2074
2075
2081
2087
2092
2098
2111
2112
2124
2126
2132
2143
2149
2152
2158
2164
2166
2170
2174
2205
2206
2213
2224
2249
2251
2252
2263
2286
2320
2321
2325
2327
2359
2378
2394
2395
2403
2410
2412
2421
2423
2447
2456
2458
2466
2471
2481
2509
2523
2527
2528
2529
2532
2541
2558
2560
2568
2571
2578
2617
2629
2630
2631
2684
2718
2754
2777
2805
2814
2819
2836
2837
2849
2852
2890
2896
2899
2904
2917
2935
2945
2969
2988
2993
2994
3000
3025
3033
3037
3038
3058
3060
3073
3081
3097
3104
3180
3185
3212
3218
3219
3231
3253
3254
3257
3269
3321
3326
3328
3342
3361
3367
3393
3395
3420
3428
3449
3450
3452
3456
3458
3462
3465
3485
3486
3487
3488
3489
3491
3499
3502
3504
3505
3506
3514
3527
3528
3529
3530
3536
3543
3555
3556
3563
3576
3585
3592
3599
3612
3636
3637
3660
3673
3692
3707
3722
3724
3725
3734
3792
3813
3846
3851
3879
3895
3896
3901
3922
3926
3950
3959
3961
3963
3966
3972
3989
4022
4033
4036
4038
4047
4070
4081
4087
4092
4094
4108
4119
4146
4154
4184
4218
4233
4246
4253
4256
4264
4279
4283
4319
4320
4321
4322
4323
4326
4327
4328
4333
4340
4346
4348
4351
4352
4375
4376
4377
4385
4397
4434
4437
4446
4453
4458
4459
4460
4461
4471
4475
4485
4503
4507
4512
4530
4531
4535
4540
4569
4580
4592
4607
4622
4625
4634
4660
4690
4694
4723
4725
4730
4747
4754
4773
4797
4804
4828
4852
4865
4892
4893
4899
4922
4927
4931
4933
4934
4966
5013
5014
5016
5023
5047
5048
5052
5058
5068
5072
5100
5111
5179
5213
5216
5244
5246
5248
5249
5250
5258
5267
5268
5272
5279
5299
5300
5362
5365
5407
5412
5416
5420
5421
5428
5443
5451
5494
5495
5528
5580
5592
5607
5613
5642
5654
5657
5660
5688
5731
5737
5740
5764
5780
5788
5802
5815
5817
5826
5843
5844
5854
5867
5870
5873
5877
5884
5886
5897
5901
5914
5983
6011
6025
6036
6060
6061
6082
6086
6087
6088
6090
6116
6121
6133
6144
6147
6153
6157
6161
6185
6187
6200
6203
6230
6244
6247
6267
6271
6274
6275
6286
6302
6327
6328
6346
6372
6377
6390
6399
6407
6418
6433
6473
6494
6495
6542
6578
6585
6612
6626
6639
6686
6688
6695
6709
6744
6770
6848
6858
6878
6879
6891
6893
6958
7031
7039
7070
7094
7113
7142
7143
7158
7171
7181
7193
7196
7204
7229
7235
7244
7246
7248
7249
7286
7294
7296
7299
7300
7302
7308
7309
7311
7333
7368
7393
7399
7403
7430
7441
7445
7484
7512
7532
7554
7555
7556
7558
7559
7593
7610
7613
7617
7625
7653
7670
7709
7721
7722
7725
7752
7753
7756
7766
7793
7828
7832
7837
7855
7859
7893
7921
7960
7976
7995
8010
8018
8025
8031
8036
8080
8089
8119
8159
8163
8172
8189
8203
8225
8321
8331
8402
8406
8444
8447
8451
8459
8467
8477
8483
8488
8490
8502
8539
8554
8556
8557
8571
8589
8592
8602
8620
8649
8652
8670
8695
8698
8706
8714
8780
8790
8792
8795
8805
8822
8853
8855
8867
8876
8879
8891
8901
8919
8932
8941
8962
8963
8966
8989
8998
8999
9000
9012
9017
9018
9037
9065
9073
9082
9085
9108
9138
9142
9206
9248
9258
9270
9284
9324
9354
9358
9374
9378
9396
9442
9454
9496
9504
9518
9521
9522
9524
9527
9530
9546
9554
9562
9586
9593
9595
9597
9603
9605
9609
9647
9671
9684
9689
9765
9779
9823
9855
9869
9873
9891
9893
9933
9977
10030
10038
10039
10040
10048
10061
10065
10074
10092
10095
10102
10158
10161
10169
10192
10193
10222
10223
10224
10232
10245
10277
10306
10319
10328
10333
10349
10367
10368
10381
10382
10384
10402
10421
10422
10429
10445
10453
10506
10521
10548
10576
10600
10630
10632
10648
10660
10669
10697
10699
10729
10732
10733
10738
10739
10757
10762
10816
10827
10836
10839
10840
10852
10856
10882
10896
10930
10934
10945
10953
10975
10991
10992
11009
11027
11034
11049
11074
11079
11090
11093
11154
11203
11236
11241
11252
11255
11256
11257
11258
11279
11286
11288
11306
11329
11354
11364
11368
11373
11386
11389
11409
11426
11465
11469
11477
11486
11501
11507
11551
11554
11557
11600
11622
11640
11650
11726
11727
11773
11799
11800
11817
11831
11835
11841
11871
11885
11896
11900
11910
11911
11945
11948
11954
11955
11968
11974
11980
11991
11994
12010
12027
12073
12075
12076
12090
12102
12110
12122
12129
12134
12136
12185
12190
12214
12229
12237
12245
12265
12268
12291
12292
12299
12303
12310
12311
12341
12344
12356
12363
12372
12386
12394
12396
12397
12415
12473
12490
12498
12532
12540
12541
12544
12559
12586
12603
12661
12665
12667
12668
12693
12708
12721
12722
12749
12750
12754
12755
12762
12785
12804
12906
12925
12926
12955
12962
12964
12977
12984
12998
13005
13009
13017
13024
13049
13050
13083
13095
13103
13119
13130
13134
13157
13173
13181
13217
13221
13224
13242
13243
13250
13260
13261
13308
13322
13323
13324
13327
13328
13329
13333
13335
13345
13349
13351
13364
13374
13396
13398
13407
13409
13440
13482
13492
13519
13583
13606
13635
13636
13658
13667
13689
13691
13703
13723
13724
13732
13758
13762
13896
13904
13917
13919
13956
13974
14007
14008
14012
14030
14034
14037
14038
14039
14057
14067
14069
14161
14172
14185
14186
14203
14221
14247
14300
14318
14322
14324
14325
14329
14330
14341
14342
14345
14356
14358
14373
14383
14390
14391
14392
14393
14408
14428
14431
14446
14488
14494
14511
14532
14536
14538
14539
14587
14596
14629
14631
14633
14654
14655
14673
14681
14736
14754
14778
14787
14793
14811
14814
14819
14836
14853
14862
14869
14890
14895
14904
14906
14910
14925
14926
14951
14958
14979
14987
14990
14991
14999
15005
15032
15047
15069
15074
15098
15117
15118
15133
15179
15194
15205
15222
15227
15234
15237
15238
15241
15266
15267
15315
15344
15383
15403
15411
15429
15447
15456
15470
15476
15480
15499
15506
15523
15526
15554
15557
15583
15615
15625
15638
15639
15640
15648
15651
15661
15669
15675
15701
15714
15739
15761
15769
15789
15802
15814
15817
15822
15826
15838
15848
15852
15868
15930
15938
15942
15983
16007
16010
16022
16023
16041
16050
16060
16119
16131
16176
16179
16183
16209
16210
16221
16231
16238
16277
16312
16315
16316
16357
16375
16378
16402
16404
16427
16436
16440
16451
16452
16457
16458
16467
16470
16487
16513
16540
16563
16567
16569
16574
16607
16616
16623
16649
16669
16690
16731
16740
16744
16773
16841
16846
16848
16856
16866
16887
16924
16936
16940
16941
17063
17064
17067
17068
17096
17101
17119
17146
17150
17155
17158
17160
17185
17191
17211
17215
17230
17241
17270
17378
17386
17417
17418
17422
17425
17427
17441
17461
17479
17504
17513
17546
17552
17557
17569
17570
17576
17577
17586
17600
17601
17606
17622
17630
17650
17674
17682
17749
17759
17763
17771
17816
17835
17867
17893
17897
17917
17919
17923
17939
17951
17953
17955
17956
17974
17987
18002
18004
18053
18067
18076
18100
18172
18176
18187
18201
18233
18234
18235
18239
18249
18258
18302
18311
18321
18327
18333
18334
18337
18338
18358
18392
18408
18443
18457
18485
18489
18498
18500
18501
18505
18512
18541
18546
18585
18586
18597
18603
18640
18673
18674
18681
18707
18709
18713
18722
18727
18770
18795
18800
18818
18831
18843
18850
18859
18872
18873
18874
18901
18904
18915
18919
18932
18977
19060
19062
19065
19117
19195
19200
19204
19234
19235
19245
19253
19267
19287
19298
19319
19320
19322
19335
19342
19350
19361
19362
19374
19395
19416
19459
19470
19495
19513
19527
19538
19542
19554
19618
19619
19671
19688
19689
19714
19716
19750
19756
19757
19768
19773
19803
19830
19836
19838
19873
19893
19898
19924
19970
19971
19997
20000
20006
20012
20015
20029
20038
20054
20088
20089
20110
20118
20122
20125
20147
20218
20234
20264
20266
20267
20268
20282
20330
20332
20336
20351
20371
20372
20398
20403
20411
20487
20495
20518
20521
20544
20553
20577
20578
20594
20595
20596
20635
20659
20675
20679
20682
20691
20706
20707
20713
20725
20747
20749
20778
20789
20828
20835
20841
20849
20871
20960
20978
20984
21001
21011
21016
21031
21046
21092
21104
21108
21129
21132
21141
21146
21149
21171
21189
21202
21204
21297
21311
21335
21339
21345
21355
21369
21371
21376
21396
21455
21456
21457
21460
21468
21527
21567
21581
21616
21618
21665
21714
21721
21742
21806
21828
21829
21831
21840
21841
21863
21872
21899
21982
22022
22034
22039
22079
22080
22136
22141
22186
22195
22211
22227
22239
22240
22306
22325
22351
22362
22368
22369
22397
22408
22421
22443
22454
22458
22462
22491
22497
22517
22526
22560
22581
22587
22589
22626
22659
22672
22693
22705
22753
22774
22814
22834
22844
22850
22866
22873
22901
22910
22926
22959
22960
22971
23028
23092
23095
23102
23114
23115
23117
23124
23158
23232
23253
23345
23349
23371
23435
23487
23503
23515
23557
23560
23580
23622
23626
23627
23648
23686
23719
23726
23742
23766
23786
23857
23865
23866
23867
23915
23976
23977
23978
24108
24137
24146
24162
24191
24208
24239
24275
24285
24306
24310
24315
24365
24418
24435
24440
24506
24527
24532
24552
24687
24692
24752
24764
24895
24901
24954
24975
24981
24986
25000
25012
25022
25027
25043
25083
25107
25113
25120
25131
25149
25207
25211
25214
25220
25221
25222
25244
25250
25282
25291
25295
25296
25309
25312
25317
25361
25399
25422
25439
25441
25449
25482
25492
25527
25534
25579
25582
25590
25596
25614
25619
25651
25713
25721
25750
25804
25806
25807
25809
25824
25825
25827
25855
25878
25881
25887
25898
25911
26064
26084
26103
26110
26111
26112
26113
26230
26237
26244
26300
26336
26347
26381
26402
26432
26435
26459
26461
26466
26496
26545
26573
26580
26607
26617
26643
26728
26759
26761
26804
26898
26902
26917
26944
26945
26961
27059
27075
27084
27101
27103
27114
27133
27137
27151
27159
27166
27173
27178
27186
27221
27245
27249
27275
27277
27332
27368
27414
27438
27472
27504
27542
27561
27604
27630
27634
27670
27673
27723
27770
27805
27809
27819
27835
27874
27881
27898
27906
27919
27921
27940
27948
27964
27992
28026
28048
28060
28064
28068
28086
28090
28112
28114
28117
28124
28131
28143
28175
28187
28192
28269
28273
28284
28287
28297
28313
28348
28349
28387
28412
28415
28464
28485
28510
28526
28531
28536
28538
28549
28606
28619
28669
28679
28730
28740
28749
28750
28755
28758
28763
28766
28783
28785
28834
28871
28872
28881
28884
28901
28938
28969
28986
29017
29023
29025
29049
29077
29139
29144
29163
29175
29204
29209
29245
29262
29295
29302
29370
29373
29375
29376
29377
29423
29426
29449
29450
29468
29488
29494
29502
29509
29510
29516
29520
29534
29569
29613
29626
29650
29735
29771
29806
29847
29876
29887
29893
29920
29925
29935
29964
29986
30014
30036
30049
30055
30057
30071
30077
30109
30110
30118
30138
30141
30160
30203
30209
30225
30236
30245
30262
30282
30290
30291
30295
30313
30328
30351
30423
30426
30431
30449
30454
30457
30460
30463
30467
30473
30510
30511
30524
30542
30563
30565
30612
30613
30614
30625
30655
30683
30694
30700
30704
30710
30711
30765
30791
30801
30838
30854
30859
30892
30897
30914
30933
30942
30946
30952
30966
30967
30970
30991
31028
31047
31066
31098
31107
31118
31119
31135
31170
31231
31254
31257
31272
31284
31300
31312
31356
31360
31363
31367
31379
31380
31395
31397
31400
31419
31451
31462
31540
31561
31569
31576
31580
31591
31597
31604
31628
31669
31829
31871
31963
31986
32038
32059
32108
32198
32284
32292
32316
32353
32366
32408
32472
32494
32540
32543
32544
32550
32634
32642
32649
32717
32748
32752
32776
32791
32792
32794
32814
32816
32841
32847
32849
32875
32887
32888
32905
32924
32936
32952
32967
32975
32976
32977
32978
32980
33000
33065
33072
33096
33124
33142
33145
33178
33182
33186
33210
33234
33241
33286
33304
33306
33312
33314
33316
33339
33345
33359
33398
33399
33427
33445
33451
33452
33455
33462
33465
33483
33507
33513
33529
33545
33566
33567
33583
33601
33627
33637
33648
33649
33661
33668
33696
33700
33710
33721
33732
33755
33756
33765
33788
33800
33801
33802
33803
33808
33836
33851
33862
33863
33900
33905
33908
33919
33976
33986
34013
34015
34032
34038
34100
34122
34160
34194
34197
34208
34209
34212
34225
34252
34256
34274
34287
34306
34339
34371
34380
34397
34400
34403
34425
34429
34438
34439
34440
34443
34444
34445
34448
34449
34450
34451
34453
34454
34455
34459
34460
34461
34462
34463
34504
34518
34519
34536
34560
34562
34581
34607
34649
34654
34663
34664
34675
34694
34748
34828
34831
34835
34837
34839
34840
34939
34947
35015
35030
35058
35081
35086
35102
35107
35109
35119
35130
35135
35161
35202
35209
35217
35241
35267
35315
35345
35376
35394
35415
35510
35539
35563
35567
35593
35639
35662
35668
35681
35682
35702
35717
35723
35741
35746
35780
35787
35812
35893
35894
35903
35936
35957
35981
35986
36005
36024
36029
36045
36046
36062
36063
36068
36176
36197
36224
36231
36261
36272
36300
36301
36302
36307
36324
36339
36340
36350
36355
36397
36405
36420
36432
36439
36492
36506
36509
36510
36512
36514
36524
36530
36547
36571
36581
36582
36583
36584
36585
36590
36591
36592
36593
36594
36597
36600
36603
36618
36619
36690
36715
36725
36729
36731
36733
36756
36763
36766
36779
36784
36814
36815
36818
36834
36839
36865
36883
36884
36911
36925
36937
36947
36955
36961
36968
36988
36991
36998
37022
37024
37025
37027
37074
37089
37094
37105
37146
37175
37184
37195
37217
37230
37240
37248
37255
37263
37278
37296
37298
37311
37318
37348
37350
37388
37392
37394
37395
37410
37411
37412
37414
37497
37513
37525
37542
37569
37583
37585
37587
37600
37663
37676
37701
37712
37722
37727
37775
37780
37822
37893
37908
37940
37949
37982
37996
38010
38012
38062
38077
38096
38125
38146
38151
38152
38163
38176
38179
38184
38231
38232
38233
38240
38280
38330
38335
38336
38337
38369
38391
38392
38405
38439
38441
38469
38478
38481
38493
38494
38523
38525
38532
38543
38562
38568
38578
38591
38615
38620
38637
38638
38645
38668
38670
38681
38734
38752
38758
38766
38795
38803
38809
38812
38813
38834
38835
38842
38844
38848
38863
38870
38878
38900
38901
38904
38908
38928
38930
38931
38962
38964
38991
39025
39026
39038
39044
39086
39117
39121
39123
39163
39182
39215
39256
39269
39274
39289
39297
39340
39362
39383
39386
39396
39447
39465
39466
39470
39472
39504
39532
39541
39547
39551
39557
39559
39561
39566
39597
39598
39603
39606
39608
39628
39649
39769
39798
39822
39837
39851
39858
39872
39883
39886
39950
39958
39968
39969
39983
39984
39993
39995
40039
40040
40075
40157
40169
40175
40180
40217
40257
40262
40286
40333
40343
40351
40363
40368
40381
40403
40406
40425
40427
40429
40431
40438
40450
40457
40522
40529
40549
40588
40603
40613
40653
40661
40667
40679
40749
40759
40803
40812
40818
40820
40827
40837
40848
40875
40885
40896
40908
40926
40959
40994
41005
41023
41098
41100
41114
41116
41147
41150
41230
41239
41263
41272
41285
41303
41312
41315
41344
41361
41366
41372
41373
41378
41383
41389
41392
41428
41434
41438
41442
41448
41454
41459
41460
41461
41463
41468
41478
41492
41498
41510
41558
41602
41614
41637
41646
41685
41715
41737
41773
41793
41796
41827
41832
41838
41843
41851
41853
41877
41881
41891
41910
41911
41915
41918
41920
41924
41934
41974
42008
42029
42055
42056
42066
42081
42084
42089
42102
42112
42125
42131
42133
42135
42139
42141
42142
42143
42181
42210
42271
42277
42307
42311
42312
42324
42325
42332
42333
42335
42346
42355
42399
42413
42415
42425
42434
42443
42445
42450
42462
42504
42518
42523
42548
42551
42592
42651
42662
42665
42777
42778
42792
42823
42824
42904
42916
42917
42934
42948
42949
42977
42984
42987
43005
43008
43034
43057
43058
43077
43082
43085
43096
43097
43098
43107
43114
43121
43128
43136
43140
43144
43149
43151
43204
43223
43241
43277
43285
43290
43295
43308
43314
43333
43339
43350
43373
43401
43408
43414
43421
43423
43430
43509
43519
43526
43532
43549
43556
43565
43566
43615
43616
43638
43645
43646
43660
43666
43669
43671
43685
43687
43689
43691
43697
43705
43722
43725
43733
43740
43760
43763
43810
43818
43820
43830
43875
43887
43920
43937
43946
43957
43958
43959
43985
43989
44055
44070
44072
44089
44109
44118
44119
44120
44164
44225
44234
44244
44249
44326
44340
44443
44452
44453
44458
44462
44480
44492
44497
44571
44611
44614
44713
44793
44826
44836
44853
44855
44864
44922
44924
44926
44927
44928
44931
44940
44954
44989
44997
45014
45029
45040
45048
45050
45053
45054
45083
45089
45093
45110
45127
45128
45144
45161
45175
45194
45195
45222
45276
45282
45311
45313
45444
45447
45448
45451
45453
45454
45477
45483
45507
45517
45530
45549
45645
45659
45675
45680
45681
45682
45689
45726
45740
45765
45776
45783
45784
45792
45816
45855
45865
45869
45887
45919
45946
45963
45964
45972
45976
45991
46022
46042
46064
46066
46068
46085
46112
46118
46121
46123
46137
46153
46158
46185
46190
46265
46283
46298
46306
46320
46321
46326
46328
46343
46348
46367
46369
46374
46407
46418
46429
46441
46442
46452
46455
46456
46462
46470
46522
46528
46531
46540
46562
46592
46610
46621
46627
46628
46630
46640
46643
46645
46666
46673
46681
46690
46702
46718
46734
46790
46807
46824
46825
46829
46831
46834
46890
46909
46915
46967
46970
46991
47006
47021
47035
47042
47048
47090
47107
47126
47152
47163
47172
47175
47190
47198
47216
47237
47259
47260
47264
47306
47321
47344
47354
47363
47421
47449
47450
47452
47490
47500
47561
47595
47602
47607
47619
47663
47666
47692
47701
47704
47805
47811
47838
47856
47862
47865
47867
47875
47891
47910
47932
47982
47983
47997
47998
47999
48000
48001
48024
48056
48063
48105
48125
48128
48162
48169
48174
48233
48242
48245
48260
48262
48270
48330
48369
48389
48396
48419
48428
48434
48460
48474
48475
48477
48480
48505
48510
48539
48550
48583
48588
48590
48598
48605
48606
48613
48615
48649
48662
48669
48683
48694
48697
48806
48811
48826
48827
48840
48846
48877
48887
48931
48950
49035
49037
49109
49223
49232
49235
49266
49341
49353
49365
49390
49393
49396
49405
49425
49462
49487
49519
49546
49584
49588
49590
49627
49644
49668
49697
49731
49770
49838
49856
49859
49888
49911
49921
49939
49966
49969
50032
50091
50116
50140
50204
50215
50269
50274
50276
50284
50329
50340
50357
50417
50425
50429
50433
50444
50446
50449
50456
50541
50554
50589
50641
50719
50809
50828
50833
50839
50857
50861
50864
50894
50925
50940
50944
50970
51027
51044
51073
51076
51088
51096
51114
51131
51132
51137
51141
51152
51178
51181
51196
51222
51231
51268
51272
51280
51281
51290
51291
51295
51296
51299
51305
51343
51379
51381
51389
51425
51448
51462
51473
51481
51492
51495
51524
51539
51560
51577
51578
51585
51594
51620
51627
51642
51646
51711
51716
51746
51753
51758
51774
51777
51804
51812
51823
51825
51833
51868
51877
51887
51917
51953
51955
51961
51965
51975
52000
52008
52021
52025
52026
52035
52036
52038
52085
52086
52169
52174
52209
52219
52223
52236
52237
52247
52262
52278
52290
52309
52335
52345
52346
52410
52414
52513
52522
52523
52524
52566
52596
52623
52640
52694
52773
52795
52809
52860
52867
52878
52898
52913
52925
52976
52980
52989
53021
53033
53057
53059
53064
53070
53082
53102
53154
53165
53192
53201
53204
53210
53214
53222
53227
53257
53258
53286
53294
53298
53352
53353
53364
53386
53456
53468
53479
53538
53612
53694
53695
53698
53704
53707
53716
53754
53755
53763
53791
53809
53810
53839
53847
53876
53912
53931
53946
53987
54001
54010
54057
54059
54070
54076
54082
54112
54113
54134
54158
54202
54211
54231
54234
54236
54239
54257
54284
54289
54301
54304
54309
54329
54358
54372
54376
54381
54397
54418
54431
54461
54475
54491
54493
54508
54521
54533
54534
54535
54536
54542
54543
54550
54568
54576
54577
54580
54614
54615
54616
54622
54633
54638
54646
54662
54663
54669
54671
54675
54681
54732
54747
54773
54774
54794
54807
54811
54838
54850
54866
54872
54876
54879
54894
54918
54920
54930
54931
54941
54946
54949
54950
54952
54964
54965
54976
55005
55010
55021
55023
55024
55043
55044
55051
55063
55066
55099
55136
55143
55162
55166
55179
55184
55274
55278
55311
55321
55356
55358
55363
55374
55384
55390
55403
55441
55442
55443
55446
55453
55494
55531
55540
55553
55594
55606
55609
55630
55642
55655
55656
55685
55686
55690
55694
55701
55703
55711
55713
55750
55755
55763
55765
55790
55801
55807
55819
55821
55854
55855
55880
55889
55903
55994
55998
56001
56005
56006
56034
56051
56129
56139
56144
56154
56158
56197
56207
56208
56214
56220
56221
56227
56286
56294
56332
56375
56383
56386
56425
56431
56433
56435
56452
56461
56467
56472
56475
56486
56532
56550
56576
56595
56596
56597
56616
56625
56627
56629
56641
56642
56647
56649
56662
56677
56698
56703
56716
56726
56730
56749
56750
56756
56764
56790
56794
56818
56849
56859
56864
56868
56884
56893
56899
56931
56934
56953
56956
56977
56980
56984
57007
57026
57036
57059
57060
57067
57073
57074
57081
57083
57104
57118
57140
57141
57144
57148
57162
57259
57261
57262
57275
57283
57286
57318
57375
57386
57388
57417
57439
57462
57464
57467
57513
57569
57615
57616
57617
57624
57628
57629
57736
57759
57787
57819
57829
57854
57855
57861
57882
57883
57904
57920
57926
57939
57959
57964
57989
58064
58065
58074
58086
58103
58134
58148
58168
58173
58176
58185
58211
58243
58251
58267
58284
58285
58288
58301
58306
58374
58413
58423
58426
58450
58456
58458
58462
58473
58474
58494
58502
58503
58504
58508
58580
58582
58583
58587
58617
58624
58630
58644
58686
58694
58706
58708
58733
58758
58763
58765
58775
58783
58790
58791
58810
58825
58840
58875
58891
58967
58969
59031
59034
59041
59061
59123
59164
59188
59197
59214
59227
59228
59241
59277
59284
59310
59311
59315
59355
59365
59368
59387
59388
59389
59409
59417
59438
59457
59460
59468
59473
59513
59531
59538
59562
59575
59593
59595
59604
59624
59626
59631
59640
59646
59654
59656
59667
59703
59712
59715
59717
59722
59730
59743
59763
59765
59773
59795
59798
59809
59810
59819
59820
59841
59844
59848
59855
59865
59876
59887
59892
59909
59918
59930
59931
59934
59936
59938
59958
59969
59979
59982
59983
59984
59989
59997
59998
60013
60021
60028
60033
60068
60081
60086
60147
60149
60157
60172
60189
60190
60193
60206
60213
60223
60243
60244
60246
60257
60261
60270
60282
60283
60289
60304
60319
60323
60331
60335
60336
60337
60356
60357
60358
60359
60367
60372
60381
60390
60413
60443
60453
60459
60460
60483
60497
60502
60505
60507
60509
60518
60543
60554
60555
60575
60581
60602
60603
60604
60614
60643
60648
60650
60652
60653
60654
60655
60656
60657
60660
60661
60683
60704
60714
60716
60739
60746
60774
60781
60782
60784
60795
60818
60826
60831
60836
60883
60891
60894
60902
60903
60906
60926
60928
60940
60941
60950
60951
60952
60985
60986
60990
60991
60992
60993
60996
60997
60998
60999
61010
61026
61031
61033
61037
61067
61071
61079
61082
61084
61085
61109
61121
61126
61127
61129
61135
61145
61149
61192
61193
61194
61195
61196
61197
61198
61199
61205
61232
61254
61261
61263
61294
61350
61353
61356
61363
61428
61439
61441
61452
61457
61468
61511
61572
61576
61595
61598
61631
61685
61693
61707
61743
61763
61773
61778
61789
61798
61813
61815
61825
61842
61860
61873
61881
61886
61904
61915
61916
61925
61934
61953
61954
61967
61985
61986
61999
62003
62012
62020
62038
62040
62044
62146
62241
62384
62385
62523
62550
62551
62609